国共: 1946
避免: 1946
煽起: 1946
终止: 1946, 1953, 1954
英美: 1946, 1947, 1948
美苏: 1946, 1948, 1963, 1970, 1977, 1980
阿塞拜疆: 1946
国回: 1946
不可避免: 1946, 1947, 1950, 1951
自相残杀: 1946
印回: 1947, 1950
印荷: 1947
冲突: 1947, 1948, 1949, 1950, 1951, 1952, 1954, 1955, 1957, 1959, 1960, 1961, 1962, 1963, 1964, 1965, 1966, 1967, 1969, 1970, 1971, 1973, 1975, 1977, 1979, 1980, 1981, 1982, 1983, 1984, 1985, 1986, 1987, 1988, 1989, 1990, 1991, 1992, 1993, 1994, 1995, 1996, 1997, 1998, 1999, 2000, 2001, 2002, 2003, 2004, 2005, 2006, 2007, 2008, 2009, 2010, 2011, 2012, 2013, 2014, 2015, 2016, 2017, 2018, 2019, 2020, 2021, 2022, 2023
英埃: 1947, 1953
战争初期: 1947
破裂: 1947, 1951
挑起: 1947, 1962
反英: 1947
犹: 1948
巴勒斯坦: 1948, 2007
缅甸政府: 1948
赤白: 1948
荷印: 1948
巴境: 1948
武装冲突: 1948, 1965, 1976, 1992, 1993, 2009
缓和: 1949, 1951, 1952, 1953, 1955, 1956, 1957, 1958, 1959, 1960, 1961, 1962, 1963, 1964, 1965, 1966, 1967, 1968, 1970, 1971, 1972, 1973, 1979, 1981, 1985, 1987, 2003, 2010, 2012, 2013, 2014, 2017, 2020, 2021, 2022, 2023
苏美: 1949, 1984
冷战: 1949, 1952, 1959, 1960, 1961
焦点: 1949
生产过剩: 1949, 1954
分歧: 1949, 1950
加剧: 1949, 1954, 1955, 1956, 1957, 1959, 1960, 1961, 1963, 1964, 1965, 1966, 1967, 1971, 1972, 1973, 1974, 1975, 1977, 1978, 1982
煽动: 1949
败北: 1949
朝鲜战争: 1950, 1951, 1952, 1953
随之而来: 1950
觅致: 1950
日美: 1950
争端: 1950, 1970, 1971
克什米尔: 1950, 1964, 1999
这场: 1951, 1953, 1954, 1962, 1971, 1980
休战: 1951, 1952
促成: 1951
平息: 1951, 1988, 2001, 2002, 2013
停火: 1951, 1960, 1965, 1966, 1985, 1987, 2005, 2007, 2008, 2013, 2014, 2015, 2016, 2017, 2020, 2021, 2022
停战: 1952
中断: 1952, 1954
统治集团: 1952
不得不: 1952, 1966
越南战争: 1952, 1967, 1968
印度支那: 1953, 1954, 1955
进行谈判: 1953
预兆: 1953
法国政府: 1953, 1958, 1960, 1961, 1962
煽动者: 1953
导致: 1954, 1955, 1956, 1958, 1959, 1960, 1961, 1968, 1971, 1972, 1973, 1976
谈判: 1954, 1955, 1959, 1960, 1961, 1964, 1967, 1968, 1970, 1971, 1975
国际局势: 1954, 1972
台湾地区: 1955, 1956, 1957, 1958
土耳其: 1955
导向: 1955
远东: 1955
中东: 1956, 1967, 1968, 1972, 1973, 1974, 1975, 1976, 1977, 1978, 1979, 1981, 1982, 1983, 1985, 1986, 1987, 1989, 1990, 1992, 1993, 2001
苏伊士: 1956, 1957
以色列: 1956, 1957, 1958, 1964, 1974, 1975, 1976, 1977, 1978, 1979, 1981, 1984, 1985, 1989, 1991, 2004, 2005, 2008, 2009, 2010, 2011, 2012, 2013
近东: 1956, 1958, 1967, 1972, 1974, 1975, 1978
美英: 1956, 1962
中东问题: 1956, 1977, 1978
侵埃: 1957, 1959
埃叙: 1957
约旦: 1957
国共两党: 1957
中近东: 1958
法突: 1958
中东地区: 1958, 1981, 1983, 1985, 1986, 1987, 1990, 1991, 1992, 2001, 2002, 2006, 2012, 2018, 2020
美报: 1958, 1965, 1966
英法: 1959
消除: 1959, 1962
尖锐化: 1959, 1971
旷日持久: 1960, 1986, 2003
戴高乐: 1960
东西方: 1961, 1976, 1985
严重性: 1961
中止: 1961
印中: 1962, 1963
重开: 1962
美法: 1962, 1963, 1964
中所持: 1963
加勒比: 1963
加勒比海: 1963, 1967
中印: 1963, 1964
土耳其政府: 1964
英国政府: 1964
印巴: 1965, 1966, 1968, 1969, 1971, 1972, 1973, 1974, 1990, 1999, 2000, 2001, 2002, 2004, 2009
谋求: 1965
迫在眉睫: 1965
军事冲突: 1965, 1979, 2011
北越: 1966
双方: 1966, 1967
和解: 1966, 1968
无原则: 1967
可能性: 1968
正常化: 1968, 1969
不休: 1968, 1969
阿拉伯人: 1969, 1970, 1973, 1974
阿沙维: 1969
局势: 1969, 2014
巴勒斯坦人: 1969
意味着: 1969, 1970
复兴报: 1969
流血冲突: 1970, 2001, 2005
投降: 1970
抵抗运动: 1970
次大陆: 1971, 1973
南亚次大陆: 1972
地中海地区: 1972, 1986
朝鲜半岛: 1972
日益加剧: 1973
侵越: 1973
撤军: 1974, 2012, 2019
在会谈中: 1974, 1977
强化: 1974
误会: 1974
塞浦路斯: 1975
单方面: 1975
安哥拉: 1975
紧张局势: 1975, 1976, 1989, 1991, 2020, 2021, 2023
黎巴嫩: 1976, 1981, 1984, 1989
各方: 1976, 1979, 1983, 1994
争吵: 1976
并未: 1976
非洲之角: 1977, 1978, 1982
和平解决: 1977, 1980, 1991, 1992, 1993, 1994, 1995, 1998, 2022, 2023
埃及: 1977
柬越: 1978
火上加油: 1978
欧加登: 1978
同苏: 1978
坦乌: 1979
伊美: 1979
美伊: 1979, 1980, 1997, 1998, 2006, 2020
伊朗: 1979, 2013, 2018
两伊: 1980, 1981, 1982, 1983, 1984, 1985, 1986, 1987, 1988, 1989, 1990, 1995
叙约: 1980
两派: 1980, 1988, 1989, 1992, 1994, 1997, 2007
苏侵: 1980
教族: 1980
阿以: 1981, 1982, 1984, 1985, 1986, 1987, 1988, 1989, 1990, 1991, 1992, 1993, 1994, 1995, 1996, 1997, 1998, 1999, 2000, 2001, 2002, 2003, 2004, 2007
陷入僵局: 1981
教派: 1981
英阿: 1982
马岛: 1982
对英: 1982
希土: 1982
乍得: 1983, 1984
中美洲地区: 1983, 1984, 1985, 1988
交战: 1983
无助于: 1983
黎: 1983, 1984
采取行动: 1984
美利: 1986
表示遗憾: 1986
暂告: 1986
乍利: 1987
海湾战争: 1987, 1988, 1991
激化: 1987, 1988, 1989, 2003, 2010, 2019, 2021
新喀岛: 1988
美巴: 1988
阿富汗: 1989, 1997, 1999, 2011, 2015, 2017, 2018, 2019, 2020, 2021
伊科: 1990
海湾: 1990, 1991
巴解: 1990
巴解组织: 1990
再起: 1991
和平谈判: 1991, 1993
波黑: 1992, 1994
族际: 1992
叙: 1992, 1995, 1996, 1997, 2012, 2015, 2016
阿布哈兹: 1993, 1998
纳卡: 1993, 1994, 2016
叙以: 1993, 1994, 1995, 1996, 1999, 2000
俄格: 1993, 2008, 2009, 2010
俄国: 1994
和谈: 1994, 1995, 1996, 1997, 1998, 1999, 2000, 2002, 2003, 2004, 2005, 2008, 2010, 2011, 2012, 2013, 2014, 2015, 2016, 2017, 2019, 2020, 2021, 2022
恰州: 1995
恰帕斯: 1995
以巴: 1995, 1996, 1997, 1998, 2000, 2001, 2002, 2003, 2004, 2005, 2006, 2007, 2008, 2009, 2014
黎以: 1996, 2006, 2007
巴以: 1996, 1997, 1998, 2000, 2001, 2002, 2003, 2004, 2005, 2006, 2007, 2008, 2009, 2010, 2011, 2013, 2014, 2017, 2019, 2021, 2023
各派: 1996, 2004, 2005
调解人: 1996
巴: 1997, 1998, 2000, 2003, 2014, 2023
埃厄: 1998, 1999, 2000
巴尔干: 1999
巴尔干地区: 1999
对巴以: 2000, 2001, 2002, 2009, 2023
巴印: 2002, 2003
火上浇油: 2004, 2022
乌: 2004, 2015
对科: 2005
年巴以: 2005
以黎: 2006, 2007, 2008
对黎以: 2006
核危机: 2006
伊: 2006, 2010
政治派别: 2007
伊拉克: 2008, 2011
格鲁吉亚: 2008
俄乌: 2009, 2014, 2022, 2023
以方: 2009, 2010
南奥塞梯: 2010
泰柬: 2011
叙利亚: 2011, 2013, 2015, 2016, 2017, 2018, 2019, 2020, 2021
柬泰: 2011
叙政府: 2012
土叙: 2012
塔利班: 2012, 2013, 2015, 2016, 2018, 2019, 2021
乌克兰: 2014, 2015, 2016, 2022, 2023
美俄: 2015, 2016, 2018, 2019
俄美: 2016
反对派: 2017
重启: 2017
停火协议: 2017, 2018
也门: 2018
美欧: 2018
利比亚: 2019, 2020
长期化: 2022
拱火: 2022
当事方: 2023
