疾病: 1946, 1955, 1966, 1968, 1970, 1977
急性: 1946, 1947, 1951, 1964
伤寒: 1946, 1947, 1949, 1950, 1951, 1953, 1954, 1955, 1960, 1962, 1963, 1969, 1971, 1972
经济恐慌: 1946
瘟疫: 1946, 1991
足以: 1946, 1967
传染病: 1946, 1948, 1950, 1953, 1954, 1956, 1961, 1962, 1964, 1965, 1969, 1972, 1975, 1976, 1977, 1978, 1983, 1987, 1995, 1999, 2000, 2016
战争: 1946, 1967, 1978
高级官员: 1946
延缓: 1946
霍乱: 1947, 1949, 1950, 1951, 1953, 1954, 1955, 1958, 1963, 1965, 1967, 1968, 1971, 1973, 1974, 1980, 1981, 1982, 1984, 1986, 1988, 1991, 1992, 1993, 1994, 1995, 1996, 1997, 2001, 2002, 2005, 2008, 2017, 2019, 2023
猪瘟: 1947, 1948, 1954, 1955, 1956, 1957, 1958, 1959, 1961, 1963, 1964, 1982
可能性: 1947, 1980
预料: 1947
患: 1947
可能: 1947
援助: 1947
鸡瘟: 1947, 1956, 1963
血清: 1948, 1950, 1951, 1964
回归热: 1948, 1951, 1959, 1960
天花: 1948, 1951, 1952, 1953, 1954, 1957, 1958, 1969, 1973, 1974, 1978, 1979, 1980, 1982, 1987, 1992, 2002
抗毒素: 1948, 1958
炭疽: 1948, 1949
流行性: 1948, 1954, 1961, 1968, 1971, 1972, 1976, 1978, 1993
注射: 1948, 1964, 1982
疫苗: 1948, 1949, 1952, 1955, 1956, 1957, 1958, 1959, 1960, 1961, 1962, 1963, 1964, 1965, 1968, 1972, 1973, 1974, 1975, 1980, 1981, 1982, 1983, 1984, 1985, 1986, 1987, 1990, 1992, 1994, 1998, 2002, 2004, 2006, 2007, 2008, 2009, 2010, 2013, 2014, 2015, 2021, 2022, 2023
死菌: 1949
生菌: 1949
斑疹伤寒: 1949, 1950, 1953, 1955, 1957
兔化毒: 1949
活菌: 1949
赤痢: 1949, 1953
白喉: 1950, 1951, 1954, 1957, 1958, 1959, 1960, 1982, 1984, 1989, 1991
接种: 1950, 1965, 1987, 1989, 2007, 2009, 2010, 2011, 2014
菌苗: 1950
猩红热: 1950, 1951, 1957, 1958
肠炎: 1950
膜炎: 1951
鼠疫: 1951, 1953, 1954, 1956, 1982
传染性: 1952, 1961
并发: 1952, 1959, 1965, 1969, 1971, 1974, 1976, 1977
脑炎: 1952, 1953, 1960, 1962, 1970, 1971, 1973, 1999
病例: 1952, 1988, 1989, 1991, 1993, 1995, 1997, 2001, 2006, 2007, 2015, 2016, 2019
狂犬病: 1952, 1981, 1984, 1987, 2008
麻疹: 1952, 1954, 1955, 1956, 1959, 1960, 1964, 1965, 1969, 1970, 1971, 1973, 1974, 1975, 1976, 1981, 1982, 1983, 1984, 1985, 1986, 1987, 1988, 1989, 1990, 1991, 1992, 1996, 1998, 2008, 2010, 2011, 2019, 2020
脑膜炎: 1952, 2003
牛瘟: 1952, 1955, 1959
预防针: 1953
黄热病: 1953, 2001, 2003
预防注射: 1954, 1963
病毒: 1955, 1987, 1994, 1995, 1997, 1998, 1999, 2000, 2014, 2015, 2018, 2022, 2023
痘苗: 1955
塞宾: 1956
破伤风: 1956, 1971, 1973, 1986, 1990, 1991
痢疾: 1956, 1960, 1970, 1973, 1974, 1976, 1992
免疫: 1956
兔化: 1957, 1958, 1960, 1963, 1983
弱毒: 1957, 1958, 1959, 1963, 1983
百日咳: 1957, 1973, 1974, 1975, 1984, 1987, 1990
卡介苗: 1957
败血症: 1958, 1969, 1977
感冒: 1959, 1978
恶性: 1959
癌瘤: 1960
疟疾: 1960, 1964, 1969, 1973, 1976, 1977, 1979, 1980, 1982, 1992, 1996, 1997, 2000, 2004, 2017, 2018
流行病: 1961, 1977, 1983, 2015
人死于: 1961
口蹄疫: 1961, 2001, 2011
克山病: 1961
迄今为止: 1961, 1966
肠道: 1962, 1972, 1976
病毒性: 1962
结核病: 1962, 1974, 1993, 1996, 1998, 1999
小儿麻痹: 1962
活疫苗: 1962, 1965
肺炎: 1962, 2004, 2021, 2022, 2023
新城疫: 1963
毒力: 1963
沙眼: 1964
惨象: 1964
小儿: 1965, 1971, 1972, 1973, 1975, 1979
Y: 1965
X: 1965
侵越: 1966, 1967, 1968
绿脓: 1966
预防: 1966, 1968, 1975, 1977, 1979, 1980
目前: 1966
迹象: 1966, 1968, 1969, 1970
远征军: 1966, 1967
和平攻势: 1966
局势: 1966, 1968
疫区: 1967
局部战争: 1967
惨无人道: 1967
恐怖: 1967
暴力行动: 1967
世界各地: 1968
少爷兵: 1968
流行: 1969, 1970
绿脓杆菌: 1969, 1970
细菌: 1970
将会: 1970
双重: 1970
流脑: 1971, 1972, 2005, 2007, 2008
蔓延: 1971
牛痘: 1972, 1985
种牛痘: 1972
流感: 1972, 1975, 1976, 1978, 1980, 1981, 1989, 1990, 1995, 1997, 1998, 1999, 2003, 2004, 2005, 2007, 2009, 2010, 2011, 2012, 2013, 2016, 2017, 2018, 2019, 2020, 2021, 2023
预防接种: 1974, 1975
行将: 1974
腺病毒: 1975, 1979, 1990
新生儿: 1975
症状: 1976
美国: 1976
发病率: 1977
危机: 1977
癌症: 1977, 1979, 1980, 1981
非洲之角: 1978
扎伊尔: 1978
古巴: 1978
中东地区: 1978
天花病: 1979
肝炎: 1979, 1981, 1984, 1985, 1989, 1996
传染: 1979
人痘: 1979
麻风病: 1980
登革热: 1980, 1990, 1996, 2001, 2002, 2003, 2004, 2015, 2019
乙型肝炎: 1981, 1982, 1983, 1984, 1985, 1986, 1987, 1988, 1989, 1991, 1998, 1999
狂犬: 1981
鸡霍乱: 1981
密执安: 1983
腹泻: 1983
乙型: 1983
携带者: 1984, 1985, 1988, 1994, 1997
表面抗原: 1984
爱滋病: 1985, 1986
世界卫生组织: 1985, 1990, 1992, 1994, 1995, 2001, 2012, 2019
糖丸: 1985
血源: 1985, 1986
艾滋病: 1986, 1987, 1988, 1989, 1990, 1991, 1992, 1993, 1994, 1995, 1996, 1997, 1998, 1999, 2000, 2001, 2002, 2003, 2005, 2006, 2007, 2008, 2011, 2012
脊髓灰质炎: 1986, 1996, 1997, 2000, 2006, 2008, 2016
乙肝: 1986
甲肝: 1988, 1989, 1991, 2003, 2005, 2006, 2008
甲型肝炎: 1988
艾滋病毒: 1988, 1990, 1993, 1994, 2000
合胞: 1988
病毒感染: 1989, 1998, 2015, 2018, 2020, 2021, 2022, 2023
麻风: 1991
米开朗琪罗: 1992
临床试验: 1992, 1994, 2009
柯萨奇: 1993
米氏: 1993
神经炎: 1993
肺结核: 1993
海湾战争: 1994
丙型肝炎: 1994
博拉: 1995, 1996, 1997, 2000, 2014, 2015, 2016, 2017, 2018, 2019, 2021
出血热: 1995, 2001, 2002, 2014, 2017
埃: 1995, 2014, 2015
疯牛病: 1996, 1997, 1998, 1999, 2001, 2006
CIH: 1998, 1999
禽流感: 1999, 2003, 2004, 2005, 2006, 2007, 2008, 2011, 2013, 2016, 2017, 2018
疫情: 2000, 2001, 2006, 2007, 2009, 2010, 2011, 2012, 2013, 2014, 2015, 2016, 2017, 2018, 2019
爱虫: 2000
丙肝: 2000, 2011, 2012
登革: 2002
WHO: 2002
暴发: 2002, 2004, 2005, 2014
流感疫苗: 2002, 2004, 2010
SARS: 2003, 2004, 2005, 2006, 2012, 2013
乙脑: 2003, 2006, 2008
非典型: 2003, 2007, 2012, 2019
非典: 2004, 2005, 2010, 2011, 2012
马尔堡: 2005
诺瓦克: 2007
甲感: 2009
甲型: 2009, 2010, 2013, 2017, 2018
H1N1: 2009, 2010, 2011, 2013, 2017, 2020
对甲感: 2009
甲流: 2009, 2018
减毒: 2010
脊灰: 2012
野病毒: 2012
冠状病毒: 2013
H7N9: 2013, 2016, 2017
流感病毒: 2013
西非地区: 2014
西非: 2014
MERS: 2015
H5N6: 2016
王华庆: 2016
HPV: 2018
疑似病例: 2019
新冠: 2020, 2021, 2022, 2023
病毒检测: 2020, 2021, 2022, 2023
病毒感染者: 2020, 2022, 2023
因新冠: 2020, 2021, 2022
自新冠: 2020
非新冠: 2020
毒株: 2021, 2022
病毒传播: 2021
猴痘: 2022
支原体: 2023
